4 6 14 20;0.3339,0.850,-270.485
4 6 20;0.3370,0.809,-255.850
4 14 20;0.3339,0.814,-251.137
6 8 12 14 20;0.2989,0.895,-232.936
6 8 14 20;0.2989,0.891,-230.788
4 20;0.3370,0.754,-227.269
3 19;0.5469,0.989,-227.269
6 14 20;0.3370,0.754,-227.269
6 8 12 20;0.3005,0.859,-217.380
6 8 20;0.3005,0.855,-215.515
2 6 20;0.3148,0.786,-203.092
6 20;0.3402,0.693,-202.723
5 19;0.5056,0.994,-202.723
8 12 14 20;0.3005,0.804,-191.839
8 14 20;0.3005,0.801,-190.296
2 8 12 20;0.2766,0.813,-167.498
2 8 20;0.2766,0.809,-165.947
8 12 20;0.3021,0.725,-158.664
8 20;0.3021,0.722,-157.456
7 19;0.5405,0.929,-157.456
2 14 20;0.3148,0.645,-137.461
2 20;0.3180,0.562,-101.659
1 19;0.4086,0.941,-101.659
13 19;0.2130,0.985,-57.968
14 20;0.3402,0.434,-57.968
4 6 14 20;0.3402,0.846,-272.211
4 6 20;0.3434,0.812,-261.466
4 14 20;0.3402,0.808,-251.447
4 20;0.3434,0.758,-232.556
3 19;0.5421,0.991,-232.556
6 14 20;0.3434,0.758,-232.556
6 20;0.3466,0.699,-209.452
5 19;0.5024,0.997,-209.452
8 12 14 20;0.2957,0.798,-177.731
8 14 20;0.2957,0.795,-176.233
2 8 12 20;0.2719,0.810,-157.073
2 8 20;0.2719,0.807,-155.551
8 12 20;0.2973,0.719,-145.431
8 20;0.2973,0.716,-144.260
7 19;0.5342,0.913,-144.260
2 14 20;0.3196,0.657,-142.226
2 20;0.3227,0.572,-105.150
1 19;0.4102,0.942,-105.150
13 19;0.2162,0.986,-60.253
14 20;0.3450,0.442,-60.253
4 6 14 20;0.3418,0.857,-282.021
4 6 20;0.3418,0.821,-262.183
4 14 20;0.3418,0.814,-258.820
6 14 20;0.3450,0.759,-237.023
4 20;0.3418,0.768,-234.056
3 19;0.5485,0.989,-234.056
2 6 20;0.3196,0.794,-207.453
6 12 20;0.3418,0.717,-207.287
6 20;0.3450,0.702,-207.128
5 19;0.5056,0.994,-207.128
2 8 12 14 20;0.2750,0.869,-184.968
8 12 14 20;0.3005,0.801,-184.604
8 14 20;0.3005,0.794,-181.585
2 8 12 20;0.2750,0.824,-165.737
2 8 20;0.2750,0.816,-162.561
8 12 20;0.3005,0.727,-152.095
8 20;0.3005,0.721,-149.698
7 19;0.5358,0.918,-149.698
2 14 20;0.3227,0.661,-148.249
2 20;0.3227,0.577,-107.528
1 19;0.4149,0.942,-107.528
13 19;0.2114,1.000,-66.048
14 20;0.3482,0.442,-66.048
4 6 14 20;0.3413,0.840,-269.439
4 6 20;0.3444,0.804,-257.405
4 14 20;0.3413,0.799,-247.465
4 20;0.3444,0.748,-227.786
3 19;0.5349,0.991,-227.786
6 14 20;0.3429,0.745,-222.276
6 8 12 20;0.3032,0.841,-205.839
6 8 20;0.3032,0.834,-202.373
6 20;0.3460,0.686,-198.425
5 19;0.4921,0.994,-198.425
8 12 14 20;0.3032,0.803,-187.789
8 14 20;0.3032,0.796,-184.747
2 8 12 20;0.2762,0.809,-160.309
2 8 20;0.2762,0.802,-157.286
8 12 20;0.3048,0.719,-152.431
8 20;0.3048,0.714,-150.080
7 19;0.5286,0.922,-150.080
2 14 20;0.3175,0.647,-134.120
2 20;0.3206,0.564,-98.165
1 19;0.4032,0.934,-98.165
13 19;0.2143,0.985,-59.922
14 20;0.3460,0.442,-59.922
4 6 12 14 20;0.3180,0.851,-265.565
4 6 14 20;0.3196,0.841,-263.897
4 6 12 20;0.3211,0.811,-252.340
4 6 20;0.3227,0.802,-251.581
4 12 14 20;0.3180,0.803,-241.376
4 14 20;0.3196,0.794,-240.408
6 12 14 20;0.3211,0.759,-226.537
6 14 20;0.3227,0.744,-222.285
4 12 20;0.3211,0.745,-219.655
4 20;0.3227,0.738,-219.617
3 19;0.5564,0.989,-219.617
6 8 12 20;0.2862,0.841,-206.660
6 8 20;0.2862,0.833,-203.187
6 12 20;0.3243,0.696,-202.531
6 20;0.3259,0.681,-198.779
5 19;0.5183,0.994,-198.779
8 12 14 20;0.2862,0.786,-182.628
8 14 20;0.2862,0.779,-179.731
2 8 12 20;0.2623,0.789,-156.412
2 8 20;0.2623,0.782,-153.558
8 12 20;0.2878,0.696,-146.818
8 20;0.2878,0.691,-144.607
7 19;0.5421,0.929,-144.607
2 12 14 20;0.2989,0.629,-130.575
2 14 20;0.3005,0.622,-129.273
2 12 20;0.3021,0.541,-94.444
2 20;0.3037,0.537,-93.772
1 19;0.4086,0.941,-93.772
12 14 20;0.3243,0.429,-60.576
13 19;0.2210,0.986,-57.204
14 20;0.3259,0.420,-57.204
12 20;0.3275,0.336,-3.917
4 6 14 20;0.3402,0.843,-270.375
4 6 20;0.3434,0.812,-261.466
4 14 20;0.3402,0.799,-246.637
4 20;0.3434,0.753,-229.769
3 19;0.5390,0.991,-229.769
6 14 20;0.3418,0.747,-222.869
6 8 12 20;0.2973,0.850,-203.069
6 20;0.3450,0.693,-202.382
5 19;0.4992,0.994,-202.382
8 12 14 20;0.2973,0.803,-181.514
8 14 20;0.2973,0.796,-178.488
2 8 12 20;0.2734,0.815,-160.578
2 8 20;0.2734,0.808,-157.500
8 12 20;0.2989,0.718,-146.372
8 20;0.2989,0.712,-144.048
7 19;0.5310,0.915,-144.048
2 14 20;0.3196,0.642,-135.311
2 20;0.3227,0.561,-99.737
1 19;0.3990,0.940,-99.737
12 14 20;0.3418,0.442,-56.137
13 19;0.2035,0.985,-55.762
14 20;0.3450,0.435,-55.762
4 6 12 14 20;0.3386,0.855,-270.497
4 6 14 20;0.3402,0.846,-268.708
4 6 12 20;0.3418,0.814,-255.162
4 6 20;0.3434,0.806,-254.315
4 12 14 20;0.3386,0.813,-247.502
4 14 20;0.3402,0.805,-246.361
6 12 14 20;0.3418,0.776,-234.818
6 14 20;0.3434,0.761,-230.139
4 12 20;0.3418,0.754,-223.385
4 20;0.3434,0.747,-223.212
3 19;0.5342,0.988,-223.212
6 8 12 20;0.3021,0.864,-213.996
6 8 20;0.3021,0.856,-210.246
6 12 20;0.3450,0.714,-209.175
6 20;0.3466,0.699,-205.011
5 19;0.5008,0.994,-205.011
8 12 14 20;0.3021,0.809,-188.180
8 14 20;0.3021,0.802,-185.085
2 8 12 20;0.2750,0.824,-164.287
2 8 20;0.2750,0.816,-161.117
8 12 20;0.3037,0.729,-154.677
8 20;0.3037,0.723,-152.260
7 19;0.5342,0.921,-152.260
2 12 14 20;0.3164,0.666,-140.436
2 14 20;0.3180,0.658,-138.708
2 12 20;0.3196,0.571,-99.532
2 20;0.3211,0.566,-98.567
1 19;0.4038,0.934,-98.567
12 14 20;0.3450,0.460,-68.037
13 19;0.2258,0.986,-64.110
14 20;0.3466,0.449,-64.110
12 20;0.3482,0.357,-4.312
4 6 14 20;0.3307,0.839,-263.979
4 6 20;0.3339,0.802,-251.716
4 14 20;0.3307,0.800,-243.741
4 20;0.3339,0.747,-223.763
3 19;0.5469,0.989,-223.763
6 12 14 20;0.3307,0.754,-220.119
6 14 20;0.3339,0.739,-219.733
6 8 12 20;0.2909,0.847,-202.662
6 8 20;0.2909,0.839,-199.135
6 20;0.3370,0.679,-196.411
5 19;0.5008,0.994,-196.411
8 12 14 20;0.2909,0.813,-187.502
8 14 20;0.2909,0.806,-184.361
2 8 12 20;0.2623,0.809,-153.881
8 12 20;0.2925,0.727,-152.468
2 8 20;0.2623,0.801,-150.876
8 20;0.2925,0.722,-150.066
7 19;0.5469,0.920,-150.066
2 14 20;0.3068,0.635,-127.978
2 20;0.3100,0.549,-91.995
1 19;0.4054,0.931,-91.995
12 14 20;0.3339,0.438,-57.980
13 19;0.2146,0.985,-57.753
14 20;0.3370,0.431,-57.753
4 6 14 20;0.3418,0.853,-276.423
4 6 20;0.3450,0.816,-263.557
4 14 20;0.3418,0.814,-255.162
4 20;0.3450,0.761,-234.324
3 19;0.5421,0.991,-234.324
6 12 14 20;0.3418,0.771,-231.889
6 14 20;0.3450,0.756,-231.509
6 8 12 20;0.3021,0.860,-212.107
6 8 20;0.3021,0.852,-208.412
6 20;0.3482,0.693,-206.165
5 19;0.4960,0.997,-206.165
8 12 14 20;0.3021,0.809,-188.180
8 14 20;0.3021,0.802,-185.085
2 8 12 20;0.2734,0.800,-153.088
8 12 20;0.3037,0.723,-152.260
2 8 20;0.2734,0.793,-150.169
8 20;0.3037,0.718,-149.883
7 19;0.5310,0.920,-149.883
2 14 20;0.3164,0.640,-128.582
2 20;0.3196,0.557,-92.724
1 19;0.3959,0.929,-92.724
13 19;0.2146,0.985,-60.077
14 20;0.3466,0.443,-60.077
4 6 14 20;0.3323,0.839,-264.477
4 6 20;0.3355,0.805,-253.775
4 14 20;0.3323,0.801,-244.193
4 20;0.3355,0.748,-224.143
3 19;0.5453,0.988,-224.143
6 8 12 14 20;0.2957,0.882,-223.467
6 8 14 20;0.2957,0.873,-219.446
6 12 14 20;0.3323,0.752,-219.136
6 14 20;0.3355,0.738,-218.775
6 8 12 20;0.2973,0.854,-212.425
6 8 20;0.2973,0.846,-208.797
2 6 20;0.3116,0.781,-198.415
6 20;0.3386,0.683,-197.825
5 19;0.5008,0.994,-197.825
8 12 14 20;0.2973,0.806,-190.454
8 14 20;0.2973,0.799,-187.372
2 8 12 20;0.2719,0.826,-169.179
2 8 20;0.2719,0.818,-165.966
8 12 20;0.2989,0.723,-155.968
8 20;0.2989,0.718,-153.581
7 19;0.5405,0.926,-153.581
2 14 20;0.3116,0.645,-135.762
2 20;0.3148,0.562,-100.833
1 19;0.4134,0.939,-100.833
12 14 20;0.3355,0.440,-57.843
13 19;0.2114,0.985,-57.036
14 20;0.3386,0.431,-57.036
12 20;0.3386,0.347,-3.004
