14 17;0.3333,1.000,-83.308
11 17;0.3333,1.000,-83.308
12 15 18;0.2963,1.000,-67.630
13 19;0.3333,0.918,-67.260
15 18;0.3185,0.915,-66.034
16 19;0.3111,0.977,-65.374
12 18;0.2963,0.976,-63.958
1 17;0.2963,0.851,-47.857
10 17;0.2741,0.617,-21.995
5 19;0.1556,0.840,-17.928
2 18;0.1926,0.650,-14.757
6 18;0.1407,0.613,-8.675
3 19;0.1111,0.682,-7.850
8 18;0.0519,0.700,-4.281
14 17;0.3481,1.000,-84.617
11 17;0.3481,1.000,-84.617
16 19;0.3111,0.955,-64.746
15 18;0.3037,0.932,-64.056
13 19;0.3259,0.880,-62.282
12 18;0.2741,0.974,-57.515
1 10 17;0.2593,1.000,-50.029
1 17;0.3111,0.857,-48.973
10 17;0.2963,0.625,-23.482
5 19;0.1556,0.778,-15.809
2 18;0.1704,0.657,-13.464
6 18;0.1407,0.655,-10.585
3 19;0.1185,0.696,-9.150
7 19;0.0519,0.636,-3.429
14 17;0.3259,1.000,-82.604
11 17;0.3259,1.000,-82.604
13 19;0.3407,0.902,-69.309
12 18;0.2963,1.000,-65.433
15 18;0.3185,0.915,-62.964
16 19;0.3111,0.955,-62.326
1 17;0.2963,0.889,-53.828
10 17;0.2667,0.600,-20.853
5 19;0.1481,0.800,-15.287
2 18;0.1926,0.650,-14.052
6 18;0.1407,0.655,-9.685
3 19;0.1185,0.696,-8.796
8 18;0.0444,0.750,-4.094
7 19;0.0593,0.615,-3.439
14 17;0.3481,1.000,-84.617
11 17;0.3481,1.000,-84.617
15 18;0.3111,0.913,-62.326
13 19;0.3185,0.878,-61.694
16 19;0.2963,0.952,-60.956
12 18;0.2815,0.974,-58.291
1 17;0.3185,0.878,-53.589
10 17;0.2889,0.661,-25.332
5 19;0.1333,0.783,-13.832
2 18;0.1852,0.641,-13.555
3 19;0.1111,0.682,-8.504
6 18;0.1333,0.600,-7.749
8 18;0.0370,0.714,-3.296
7 19;0.0593,0.571,-3.179
14 17;0.3407,1.000,-83.979
11 17;0.3407,1.000,-83.979
12 15 18;0.3037,1.000,-66.158
15 18;0.3259,0.936,-66.034
16 19;0.2963,0.952,-63.333
13 19;0.3111,0.894,-63.144
12 18;0.3037,0.976,-62.474
1 17;0.3037,0.854,-48.429
10 17;0.2815,0.644,-24.070
2 18;0.1778,0.632,-11.223
5 19;0.1185,0.727,-10.834
3 19;0.1259,0.680,-10.094
6 18;0.1407,0.633,-8.530
8 18;0.0519,0.700,-4.001
14 17;0.3407,1.000,-83.979
11 17;0.3407,1.000,-83.979
13 19;0.3333,0.882,-62.840
16 19;0.3111,0.955,-62.326
15 18;0.3037,0.911,-61.657
12 18;0.2741,0.974,-57.515
1 17;0.3111,0.857,-51.134
10 17;0.2815,0.633,-23.174
5 19;0.1556,0.808,-16.522
2 18;0.1704,0.639,-12.656
6 18;0.1333,0.600,-8.147
3 19;0.1111,0.682,-7.850
8 18;0.0519,0.700,-4.427
14 17;0.3185,1.000,-81.866
11 17;0.3185,1.000,-81.866
15 18;0.3333,0.938,-66.631
16 19;0.3111,0.955,-64.746
13 19;0.3259,0.880,-62.282
12 18;0.3037,0.976,-60.426
1 10 17;0.2593,1.000,-55.916
1 17;0.2889,0.867,-51.192
10 17;0.2889,0.619,-28.394
2 18;0.2000,0.711,-16.551
5 19;0.1481,0.769,-14.580
6 18;0.1556,0.700,-11.643
3 19;0.1259,0.708,-10.170
9 19;0.0815,0.524,-3.187
8 18;0.0444,0.667,-3.072
14 17;0.3333,1.000,-83.308
11 17;0.3333,1.000,-83.308
15 18;0.3407,0.939,-70.341
16 19;0.2963,0.976,-66.346
13 19;0.3111,0.894,-63.144
12 18;0.3111,0.977,-63.144
1 17;0.2963,0.870,-49.705
10 17;0.2741,0.649,-24.640
5 19;0.1481,0.769,-15.647
2 18;0.1926,0.634,-11.965
6 18;0.1407,0.613,-7.470
3 19;0.0889,0.600,-5.340
8 18;0.0519,0.700,-3.868
14 17;0.3111,1.000,-81.095
11 17;0.3111,1.000,-81.095
12 15 18;0.3111,1.000,-64.772
15 18;0.3407,0.920,-64.694
13 19;0.3259,0.880,-62.282
16 19;0.3037,0.953,-61.657
12 18;0.3111,0.977,-61.076
1 10 17;0.2370,1.000,-50.303
1 17;0.2741,0.841,-45.967
10 17;0.2741,0.607,-25.830
5 19;0.1481,0.769,-14.580
2 18;0.2000,0.659,-13.177
6 18;0.1407,0.655,-8.460
3 19;0.1111,0.682,-8.171
8 18;0.0519,0.778,-4.614
14 17;0.3333,1.000,-83.308
11 17;0.3333,1.000,-83.308
13 19;0.3407,0.902,-65.516
12 15 18;0.2815,1.000,-63.885
16 19;0.3185,0.956,-62.964
15 18;0.3037,0.911,-61.657
12 18;0.2815,0.974,-60.273
1 17;0.3037,0.891,-54.463
10 17;0.2741,0.617,-21.995
5 19;0.1556,0.808,-15.984
2 18;0.1852,0.641,-14.239
6 18;0.1333,0.643,-9.539
3 19;0.1111,0.682,-7.539
8 18;0.0444,0.667,-3.532
7 19;0.0593,0.615,-3.300
