1 5 23 27 37;0.4942,0.830,-74.749
1 5 9 19 27 37;0.4884,0.828,-71.771
1 5 19 27 37;0.5000,0.822,-71.488
5 23 27 37;0.5332,0.804,-71.366
1 5 9 27 37;0.4913,0.825,-70.745
1 5 27 37;0.5029,0.819,-70.538
1 5 23 37;0.5202,0.809,-70.100
1 5 9 19 37;0.5159,0.810,-68.958
1 5 19 37;0.5289,0.803,-68.930
5 23 37;0.5621,0.784,-68.678
1 5 37;0.5318,0.800,-68.191
5 19 27 37;0.5405,0.794,-67.274
5 27 37;0.5434,0.792,-66.627
5 19 37;0.5723,0.775,-65.982
5 37;0.5751,0.773,-65.604
8 38;0.1416,0.766,-60.442
1 19 23 27 32 37;0.4899,0.737,-23.828
1 14 19 23 32 37;0.4783,0.737,-22.522
1 23 27 32 37;0.5014,0.731,-22.516
1 19 23 27 37;0.5405,0.718,-21.842
1 9 14 19 27 32 37;0.4465,0.743,-21.177
1 9 19 27 32 37;0.4899,0.731,-21.175
1 19 23 32 37;0.5202,0.721,-20.845
1 14 19 27 32 37;0.4566,0.738,-20.590
1 14 23 32 37;0.4841,0.730,-20.234
1 9 27 32 37;0.5029,0.723,-19.702
1 14 19 32 37;0.4841,0.728,-19.611
1 9 19 27 37;0.5390,0.713,-19.417
1 19 27 32 37;0.5014,0.723,-19.306
1 14 19 23 37;0.5275,0.716,-19.144
1 14 27 32 37;0.4639,0.731,-18.713
1 23 32 37;0.5318,0.713,-18.531
1 14 19 27 37;0.5072,0.719,-18.422
1 9 19 32 37;0.5202,0.716,-18.328
1 23 27 37;0.5520,0.707,-18.326
1 19 27 37;0.5535,0.707,-18.142
1 19 23 37;0.5708,0.702,-17.969
1 27 32 37;0.5145,0.716,-17.955
1 14 19 37;0.5361,0.709,-17.325
1 14 32 37;0.4913,0.720,-17.268
1 19 32 37;0.5347,0.709,-16.918
9 14 19 23 27 32 37;0.4682,0.723,-16.269
9 19 23 27 32 37;0.5072,0.713,-16.076
1 9 19 37;0.5708,0.698,-16.065
1 9 32 37;0.5332,0.707,-15.935
1 9 27 37;0.5520,0.702,-15.870
14 19 23 27 32 37;0.4769,0.719,-15.500
1 19 37;0.5882,0.692,-15.483
1 14 23 37;0.5332,0.706,-15.360
19 23 27 32 37;0.5173,0.709,-15.230
1 14 27 37;0.5145,0.709,-15.069
9 23 27 32 37;0.5188,0.708,-15.034
1 27 37;0.5665,0.696,-14.740
1 32 37;0.5477,0.701,-14.661
14 19 23 32 37;0.5072,0.709,-14.419
23 27 32 37;0.5289,0.704,-14.249
9 14 19 27 32 37;0.4725,0.716,-14.003
1 23 37;0.5824,0.690,-13.597
1 14 37;0.5434,0.699,-13.522
9 19 27 32 37;0.5188,0.704,-13.414
19 23 27 37;0.5853,0.689,-13.300
9 19 23 32 37;0.5361,0.699,-12.802
19 23 32 37;0.5506,0.695,-12.653
14 23 32 37;0.5130,0.703,-12.610
14 19 27 32 37;0.4827,0.709,-12.597
9 14 27 32 37;0.4798,0.709,-12.493
9 27 32 37;0.5318,0.698,-12.295
1 9 37;0.5838,0.686,-11.707
9 14 19 32 37;0.4986,0.703,-11.497
9 19 27 37;0.5824,0.685,-11.298
1 37;0.6012,0.681,-11.185
14 27 32 37;0.4899,0.703,-11.174
14 19 32 37;0.5130,0.699,-11.134
19 27 32 37;0.5303,0.695,-10.972
9 23 32 37;0.5477,0.692,-10.919
23 32 37;0.5621,0.688,-10.810
23 27 37;0.5968,0.680,-10.427
14 19 23 37;0.5723,0.685,-10.227
9 19 32 37;0.5506,0.689,-10.102
27 32 37;0.5434,0.690,-9.953
14 19 27 37;0.5477,0.689,-9.943
9 14 32 37;0.5058,0.696,-9.699
14 32 37;0.5202,0.692,-9.363
19 26 27 38;0.0173,0.857,-9.073
19 27 37;0.5997,0.677,-9.050
19 26 38;0.0188,0.812,-8.720
9 14 27 37;0.5390,0.687,-8.606
19 23 37;0.6199,0.671,-8.452
9 27 37;0.5954,0.677,-8.405
19 32 37;0.5665,0.682,-8.394
23 33 38;0.0332,0.639,-8.298
9 14 23 30 38;0.0231,0.727,-8.243
9 32 37;0.5636,0.682,-8.234
9 14 30 38;0.0246,0.708,-8.187
9 23 30 38;0.0260,0.692,-8.161
26 27 38;0.0173,0.800,-7.835
33 38;0.0332,0.622,-7.703
26 38;0.0188,0.765,-7.645
9 14 19 37;0.5607,0.681,-7.640
23 30 38;0.0275,0.655,-7.469
9 30 38;0.0275,0.655,-7.469
14 22 23 38;0.0101,1.000,-7.441
2 38;0.0260,0.667,-7.438
14 19 37;0.5809,0.677,-7.391
14 27 37;0.5549,0.681,-7.371
14 23 37;0.5780,0.677,-7.223
22 23 38;0.0159,0.786,-6.966
30 38;0.0289,0.625,-6.908
32 37;0.5795,0.675,-6.639
27 37;0.6127,0.669,-6.295
22 38;0.0159,0.733,-6.012
9 19 37;0.6171,0.667,-5.913
4 38;0.0275,0.594,-5.742
6 14 23 27 38;0.0275,0.594,-5.742
6 27 38;0.0303,0.568,-5.481
6 38;0.0318,0.550,-5.172
9 14 37;0.5679,0.672,-4.938
19 37;0.6387,0.661,-4.762
23 37;0.6315,0.662,-4.700
14 37;0.5882,0.668,-4.597
14 25 32 38;0.0058,1.000,-4.236
17 19 38;0.0246,0.548,-4.164
17 38;0.0275,0.528,-4.031
1 11 38;0.0043,1.000,-3.173
5 14 25 38;0.0043,1.000,-3.173
14 25 27 38;0.0043,1.000,-3.173
1 5 9 23 27 37;0.4935,0.822,-66.402
1 5 23 27 37;0.5007,0.818,-66.363
1 5 9 23 37;0.5224,0.804,-64.457
1 5 23 37;0.5311,0.800,-64.414
1 5 9 19 27 37;0.4964,0.815,-63.071
1 5 9 19 37;0.5282,0.799,-62.894
5 23 37;0.5716,0.776,-62.650
1 5 9 37;0.5311,0.796,-62.148
1 5 19 37;0.5384,0.790,-60.383
1 5 37;0.5412,0.787,-59.717
5 37;0.5832,0.765,-58.880
8 38;0.1317,0.765,-56.219
1 19 23 27 32 37;0.4993,0.745,-26.725
1 23 27 32 37;0.5094,0.738,-24.865
1 9 19 23 27 37;0.5369,0.726,-23.095
1 19 23 32 37;0.5311,0.727,-22.622
1 19 23 27 37;0.5456,0.722,-22.473
1 23 32 37;0.5427,0.721,-21.534
1 9 19 27 32 37;0.5007,0.732,-20.951
1 14 19 27 32 37;0.4616,0.740,-20.174
1 19 27 32 37;0.5094,0.726,-19.523
1 9 27 32 37;0.5123,0.724,-19.064
1 9 23 27 37;0.5470,0.715,-18.934
1 23 27 37;0.5557,0.711,-18.387
1 9 19 27 37;0.5470,0.713,-18.298
1 14 19 32 37;0.4906,0.727,-18.257
1 14 27 32 37;0.4674,0.732,-17.928
9 19 23 27 32 37;0.5166,0.720,-17.781
1 27 32 37;0.5210,0.719,-17.733
1 9 19 23 37;0.5658,0.707,-17.710
1 19 23 37;0.5774,0.704,-17.592
1 9 19 32 37;0.5326,0.715,-17.251
19 23 27 32 37;0.5239,0.715,-16.710
9 23 27 32 37;0.5282,0.714,-16.676
1 14 32 37;0.4978,0.721,-16.524
1 19 27 37;0.5572,0.706,-16.321
1 19 32 37;0.5441,0.709,-16.240
1 9 32 37;0.5456,0.709,-16.044
23 27 32 37;0.5355,0.710,-15.661
1 32 37;0.5572,0.704,-15.122
9 19 23 27 37;0.5760,0.698,-14.614
1 9 23 37;0.5774,0.698,-14.447
1 23 37;0.5890,0.695,-14.380
1 9 27 37;0.5586,0.702,-14.357
1 9 19 37;0.5803,0.696,-14.115
1 14 19 37;0.5384,0.705,-13.587
9 19 23 32 37;0.5470,0.703,-13.563
9 19 27 32 37;0.5268,0.707,-13.495
19 23 27 37;0.5876,0.693,-13.314
19 23 32 37;0.5586,0.699,-13.222
9 23 32 37;0.5601,0.699,-13.045
23 32 37;0.5716,0.695,-12.784
1 19 37;0.5933,0.690,-12.699
1 27 37;0.5687,0.696,-12.562
9 27 32 37;0.5398,0.701,-12.335
14 19 27 32 37;0.4834,0.711,-11.752
9 23 27 37;0.5876,0.689,-11.563
19 27 32 37;0.5355,0.699,-11.346
1 9 14 37;0.5340,0.699,-11.029
9 19 27 37;0.5876,0.688,-11.002
1 9 37;0.5933,0.687,-10.950
1 14 37;0.5456,0.696,-10.611
23 27 37;0.5991,0.684,-10.358
14 27 32 37;0.4906,0.705,-10.339
27 32 37;0.5485,0.694,-10.268
9 14 19 32 37;0.5036,0.702,-10.070
9 14 23 33 38;0.0289,0.714,-9.876
23 33 38;0.0347,0.667,-9.865
1 37;0.6064,0.681,-9.647
14 19 32 37;0.5152,0.698,-9.564
9 19 32 37;0.5601,0.690,-9.420
33 38;0.0347,0.649,-9.190
9 14 32 37;0.5123,0.697,-9.027
9 32 37;0.5745,0.686,-8.784
14 32 37;0.5239,0.693,-8.554
9 19 23 37;0.6078,0.679,-8.395
19 23 37;0.6237,0.674,-8.093
9 27 37;0.6006,0.679,-8.050
19 27 37;0.6006,0.679,-8.050
19 32 37;0.5731,0.684,-7.994
9 14 23 30 38;0.0203,0.737,-7.661
9 14 30 38;0.0217,0.714,-7.600
9 23 30 38;0.0232,0.696,-7.574
32 37;0.5876,0.680,-7.411
19 26 27 38;0.0145,0.833,-7.320
19 26 38;0.0159,0.786,-7.075
23 30 38;0.0246,0.654,-6.884
9 30 38;0.0246,0.654,-6.884
2 14 19 38;0.0203,0.700,-6.825
2 19 38;0.0217,0.682,-6.823
14 22 23 27 38;0.0087,1.000,-6.437
30 38;0.0260,0.621,-6.337
26 27 38;0.0145,0.769,-6.214
2 38;0.0217,0.652,-6.135
26 38;0.0159,0.733,-6.116
9 23 37;0.6208,0.671,-6.109
9 14 19 37;0.5630,0.680,-6.049
23 37;0.6368,0.668,-5.891
4 23 38;0.0246,0.607,-5.694
22 23 27 38;0.0130,0.750,-5.375
14 25 32 38;0.0072,1.000,-5.357
9 19 37;0.6237,0.669,-5.328
4 14 27 32 38;0.0145,0.714,-5.321
27 37;0.6136,0.671,-5.306
4 38;0.0246,0.586,-5.180
14 19 37;0.5789,0.675,-4.893
14 22 27 38;0.0087,0.857,-4.834
14 22 23 38;0.0087,0.857,-4.834
22 27 38;0.0130,0.692,-4.552
22 23 38;0.0130,0.692,-4.552
5 14 25 38;0.0058,1.000,-4.280
14 25 27 38;0.0058,1.000,-4.280
9 14 37;0.5716,0.673,-4.132
14 25 38;0.0072,0.833,-3.898
22 38;0.0130,0.643,-3.876
6 38;0.0275,0.514,-3.807
1 25 27 38;0.0087,0.750,-3.787
17 19 38;0.0246,0.515,-3.536
17 38;0.0275,0.500,-3.482
19 37;0.6411,0.662,-3.231
25 32 38;0.0101,0.636,-3.107
14 37;0.5876,0.668,-3.084
25 27 38;0.0087,0.667,-3.025
10 14 27 38;0.0087,0.667,-3.025
1 5 23 27 37;0.4906,0.821,-70.147
5 23 27 37;0.5311,0.794,-66.945
1 5 9 19 27 37;0.4863,0.818,-66.763
1 5 19 27 37;0.4964,0.811,-65.916
1 5 9 27 37;0.4891,0.814,-65.827
1 5 9 23 37;0.5094,0.804,-65.607
1 5 23 37;0.5181,0.799,-65.575
1 5 27 37;0.4993,0.808,-65.048
1 5 9 19 37;0.5166,0.799,-64.811
5 23 37;0.5615,0.774,-64.487
1 5 9 37;0.5195,0.796,-64.072
1 5 19 37;0.5268,0.791,-63.439
1 5 37;0.5297,0.789,-62.774
5 27 37;0.5398,0.780,-60.624
5 37;0.5731,0.762,-59.728
8 38;0.1346,0.756,-54.048
1 9 19 23 27 32 37;0.4776,0.742,-25.803
1 19 23 27 32 37;0.4863,0.738,-25.637
1 9 23 27 32 37;0.4877,0.734,-23.999
1 23 27 32 37;0.4964,0.731,-23.890
1 9 19 23 27 37;0.5239,0.723,-23.648
1 19 23 27 37;0.5355,0.718,-23.352
1 9 19 23 32 37;0.5080,0.721,-20.738
1 9 19 27 32 37;0.4877,0.726,-20.716
1 19 23 32 37;0.5181,0.717,-20.520
1 9 23 27 37;0.5340,0.711,-19.578
1 9 19 27 37;0.5355,0.710,-19.385
1 23 27 37;0.5456,0.707,-19.348
1 19 27 32 37;0.4978,0.720,-19.143
1 9 27 32 37;0.4993,0.719,-18.926
1 9 23 32 37;0.5195,0.712,-18.442
1 23 32 37;0.5297,0.709,-18.286
1 9 19 23 37;0.5543,0.703,-18.284
1 19 23 37;0.5673,0.699,-18.077
1 19 27 37;0.5485,0.703,-17.729
9 19 23 27 32 37;0.5051,0.714,-17.487
1 27 32 37;0.5094,0.713,-17.461
1 9 19 32 37;0.5210,0.709,-17.049
9 23 27 32 37;0.5166,0.708,-16.469
19 23 27 32 37;0.5137,0.709,-16.285
1 14 19 32 37;0.4790,0.716,-16.110
1 9 19 37;0.5702,0.694,-15.874
1 19 32 37;0.5326,0.702,-15.545
1 9 27 37;0.5470,0.699,-15.501
23 27 32 37;0.5253,0.703,-15.331
9 19 23 27 37;0.5658,0.693,-15.125
1 9 32 37;0.5340,0.700,-14.801
1 19 37;0.5847,0.687,-14.430
19 23 27 37;0.5803,0.688,-14.235
1 14 32 37;0.4863,0.709,-14.018
1 27 37;0.5601,0.692,-14.007
1 9 23 37;0.5658,0.691,-13.951
1 23 37;0.5789,0.687,-13.777
1 32 37;0.5456,0.694,-13.418
9 19 23 32 37;0.5369,0.695,-12.826
9 19 27 32 37;0.5152,0.698,-12.346
9 23 27 37;0.5774,0.684,-12.184
19 23 32 37;0.5485,0.690,-12.023
1 9 37;0.5832,0.682,-11.618
23 27 37;0.5919,0.679,-11.380
9 23 32 37;0.5499,0.688,-11.348
9 27 32 37;0.5282,0.693,-11.300
14 19 27 32 37;0.4747,0.701,-10.664
1 14 37;0.5384,0.689,-10.642
23 32 37;0.5615,0.684,-10.614
9 19 27 37;0.5774,0.681,-10.544
1 37;0.5977,0.676,-10.299
19 27 32 37;0.5253,0.690,-10.200
9 14 23 30 38;0.0260,0.750,-9.709
9 14 30 38;0.0275,0.731,-9.599
14 27 32 37;0.4819,0.695,-9.375
27 32 37;0.5384,0.685,-9.238
9 19 23 37;0.5991,0.673,-9.061
19 26 27 38;0.0174,0.857,-8.963
19 23 37;0.6165,0.669,-8.836
14 23 30 38;0.0260,0.720,-8.816
23 33 38;0.0333,0.657,-8.765
14 30 38;0.0275,0.704,-8.764
9 23 30 38;0.0275,0.704,-8.764
23 30 38;0.0289,0.690,-8.737
14 19 27 37;0.5398,0.683,-8.640
19 27 37;0.5933,0.673,-8.515
9 19 32 37;0.5499,0.681,-8.482
33 38;0.0333,0.639,-8.128
30 38;0.0304,0.656,-8.044
14 19 32 37;0.5065,0.686,-7.928
9 27 37;0.5904,0.672,-7.773
26 27 38;0.0174,0.800,-7.729
19 26 38;0.0174,0.800,-7.729
14 22 23 27 38;0.0101,1.000,-7.372
9 14 32 37;0.5036,0.684,-7.062
9 32 37;0.5644,0.675,-7.051
19 32 37;0.5630,0.674,-6.768
26 38;0.0174,0.750,-6.718
22 23 38;0.0174,0.750,-6.718
14 32 37;0.5152,0.681,-6.672
2 19 38;0.0246,0.654,-6.609
14 27 37;0.5470,0.675,-6.276
2 38;0.0246,0.630,-5.995
6 27 38;0.0318,0.579,-5.903
27 37;0.6064,0.665,-5.871
22 38;0.0174,0.706,-5.868
9 23 37;0.6122,0.664,-5.865
9 19 37;0.6151,0.663,-5.624
4 38;0.0275,0.594,-5.613
23 37;0.6295,0.660,-5.613
32 37;0.5774,0.668,-5.431
14 25 32 38;0.0072,1.000,-5.252
6 38;0.0318,0.550,-5.036
14 19 37;0.5745,0.667,-4.919
5 14 25 38;0.0058,1.000,-4.196
14 25 27 38;0.0058,1.000,-4.196
19 37;0.6339,0.657,-4.163
17 19 38;0.0246,0.548,-4.059
17 38;0.0275,0.528,-3.920
14 25 38;0.0072,0.833,-3.802
25 27 38;0.0087,0.750,-3.679
25 32 38;0.0101,0.700,-3.655
9 14 37;0.5658,0.663,-3.294
1 11 38;0.0043,1.000,-3.143
1 5 19 23 27 37;0.4949,0.818,-67.825
1 5 23 27 37;0.4964,0.817,-67.354
1 5 19 23 37;0.5239,0.799,-65.209
1 5 23 37;0.5253,0.798,-64.838
5 23 27 37;0.5369,0.791,-64.319
5 23 37;0.5673,0.773,-63.068
1 5 9 19 27 37;0.4920,0.811,-62.878
1 5 19 27 37;0.5036,0.806,-62.806
1 5 19 37;0.5355,0.789,-62.411
1 5 9 27 37;0.4935,0.808,-61.290
1 5 27 37;0.5051,0.802,-61.262
1 5 37;0.5369,0.786,-60.988
5 19 37;0.5774,0.761,-58.514
5 37;0.5803,0.759,-58.210
8 38;0.1288,0.774,-55.134
1 19 23 27 32 37;0.4877,0.742,-26.057
1 19 23 27 37;0.5398,0.723,-24.510
1 23 27 32 37;0.4978,0.735,-24.243
1 14 19 23 32 37;0.4805,0.738,-23.215
1 19 23 32 37;0.5210,0.724,-22.500
1 9 14 19 27 32 37;0.4472,0.743,-21.417
1 14 19 27 32 37;0.4559,0.739,-21.099
1 9 19 27 32 37;0.4891,0.728,-20.422
1 23 27 37;0.5499,0.712,-20.369
1 14 19 23 37;0.5311,0.717,-20.337
1 14 23 32 37;0.4863,0.729,-20.268
1 19 23 37;0.5731,0.705,-20.236
1 23 32 37;0.5326,0.716,-20.131
1 9 14 19 27 37;0.4964,0.725,-19.882
1 9 19 27 37;0.5398,0.713,-19.769
1 14 19 32 37;0.4863,0.727,-19.644
1 14 19 27 37;0.5080,0.721,-19.327
1 19 27 32 37;0.4993,0.722,-18.812
1 9 27 32 37;0.5007,0.721,-18.590
1 14 27 32 37;0.4616,0.730,-18.242
1 19 27 37;0.5528,0.706,-18.060
1 14 19 37;0.5398,0.709,-17.878
1 9 19 32 37;0.5224,0.712,-17.223
9 19 23 27 32 37;0.5065,0.716,-17.133
1 27 32 37;0.5109,0.715,-17.091
19 23 27 32 37;0.5152,0.713,-17.059
1 14 32 37;0.4935,0.718,-16.733
1 9 19 37;0.5745,0.696,-16.137
9 23 27 32 37;0.5181,0.710,-16.075
1 19 32 37;0.5355,0.706,-16.053
23 27 32 37;0.5268,0.708,-16.044
19 23 27 37;0.5818,0.694,-16.002
1 14 23 37;0.5369,0.705,-15.864
1 9 27 37;0.5514,0.702,-15.794
1 23 37;0.5847,0.693,-15.708
1 19 37;0.5904,0.690,-15.143
1 14 27 37;0.5137,0.709,-14.983
1 9 32 37;0.5355,0.703,-14.906
14 19 23 32 37;0.5065,0.709,-14.332
1 27 37;0.5644,0.695,-14.252
1 32 37;0.5485,0.698,-13.849
19 23 32 37;0.5499,0.697,-13.675
1 14 37;0.5470,0.697,-13.471
9 14 19 27 32 37;0.4718,0.713,-13.396
23 27 37;0.5933,0.686,-12.999
14 19 27 32 37;0.4805,0.709,-12.704
14 23 32 37;0.5137,0.702,-12.349
9 19 27 32 37;0.5181,0.701,-12.308
23 32 37;0.5630,0.691,-12.170
1 9 37;0.5876,0.685,-11.786
9 14 19 27 37;0.5311,0.696,-11.718
9 14 27 32 37;0.4790,0.706,-11.447
9 19 27 37;0.5803,0.685,-11.394
9 27 32 37;0.5311,0.695,-11.223
1 37;0.6035,0.679,-10.886
14 27 32 37;0.4877,0.702,-10.814
14 19 23 37;0.5716,0.686,-10.693
19 27 32 37;0.5282,0.694,-10.596
9 14 19 32 37;0.5007,0.699,-10.595
14 19 32 37;0.5123,0.697,-10.592
14 19 27 37;0.5456,0.690,-10.529
19 23 37;0.6179,0.675,-10.370
19 26 27 38;0.0188,0.867,-10.004
9 14 23 30 38;0.0246,0.773,-9.990
9 14 30 38;0.0260,0.750,-9.838
9 23 30 38;0.0275,0.731,-9.733
23 30 38;0.0289,0.714,-9.665
19 26 38;0.0203,0.824,-9.602
27 32 37;0.5412,0.689,-9.587
19 27 37;0.5962,0.678,-9.281
14 30 38;0.0260,0.720,-8.942
9 30 38;0.0289,0.690,-8.872
30 38;0.0304,0.677,-8.870
9 19 32 37;0.5528,0.685,-8.791
9 14 32 37;0.5094,0.692,-8.708
14 32 37;0.5210,0.690,-8.705
26 27 38;0.0188,0.812,-8.703
9 14 27 37;0.5384,0.686,-8.551
9 27 37;0.5933,0.677,-8.504
26 38;0.0203,0.778,-8.472
9 14 19 37;0.5630,0.680,-7.739
14 23 37;0.5789,0.677,-7.494
14 27 37;0.5528,0.681,-7.471
19 32 37;0.5658,0.679,-7.447
14 22 23 27 38;0.0101,1.000,-7.431
2 14 19 38;0.0232,0.696,-7.410
2 19 38;0.0246,0.680,-7.403
14 19 37;0.5803,0.676,-7.352
9 32 37;0.5673,0.678,-7.302
23 37;0.6310,0.666,-7.041
14 23 33 38;0.0289,0.625,-6.887
2 38;0.0246,0.654,-6.718
14 22 23 38;0.0116,0.889,-6.668
27 37;0.6093,0.669,-6.525
23 33 38;0.0304,0.600,-6.421
14 33 38;0.0289,0.606,-6.332
32 37;0.5803,0.673,-6.037
22 23 38;0.0159,0.733,-5.999
33 38;0.0304,0.583,-5.923
9 19 37;0.6179,0.666,-5.763
14 22 27 38;0.0101,0.875,-5.707
6 27 38;0.0304,0.568,-5.461
14 22 38;0.0116,0.800,-5.418
14 25 32 38;0.0072,1.000,-5.294
22 38;0.0159,0.688,-5.203
6 38;0.0318,0.550,-5.152
9 14 37;0.5716,0.671,-4.879
4 27 32 38;0.0174,0.632,-4.590
4 38;0.0246,0.567,-4.570
17 19 38;0.0246,0.567,-4.570
14 37;0.5890,0.667,-4.441
17 38;0.0275,0.543,-4.391
19 37;0.6368,0.660,-4.242
35 38;0.0058,1.000,-4.230
5 14 25 38;0.0058,1.000,-4.230
14 25 27 38;0.0058,1.000,-4.230
14 25 38;0.0072,0.833,-3.840
1 25 27 38;0.0087,0.750,-3.722
1 11 38;0.0043,1.000,-3.168
25 32 38;0.0101,0.636,-3.040
1 5 23 27 37;0.4978,0.817,-64.941
5 23 27 37;0.5369,0.793,-61.835
1 5 9 27 37;0.4935,0.814,-61.697
1 5 27 37;0.5051,0.806,-60.371
1 5 23 37;0.5253,0.796,-60.291
5 23 37;0.5673,0.773,-58.955
1 5 9 37;0.5224,0.795,-58.843
1 5 37;0.5355,0.787,-57.793
5 27 37;0.5456,0.781,-56.614
5 37;0.5789,0.762,-55.138
8 38;0.1259,0.750,-50.827
1 19 23 27 32 37;0.4920,0.742,-24.512
1 19 23 27 37;0.5441,0.724,-23.385
1 23 27 32 37;0.5036,0.736,-23.110
1 19 23 32 37;0.5239,0.727,-21.743
1 19 23 37;0.5760,0.708,-19.773
1 23 32 37;0.5369,0.719,-19.745
1 23 27 37;0.5557,0.714,-19.687
1 9 14 19 27 32 37;0.4443,0.742,-19.010
1 9 19 27 32 37;0.4906,0.729,-18.864
1 9 19 27 37;0.5412,0.715,-18.479
1 14 19 27 32 37;0.4544,0.737,-18.395
1 9 27 32 37;0.5022,0.723,-17.608
1 19 27 32 37;0.5022,0.723,-17.608
1 19 27 37;0.5557,0.708,-17.125
1 14 19 32 37;0.4834,0.726,-17.060
1 14 27 32 37;0.4602,0.731,-16.812
1 27 32 37;0.5137,0.717,-16.438
1 9 19 32 37;0.5224,0.715,-16.333
19 23 27 32 37;0.5195,0.715,-16.171
1 23 37;0.5890,0.697,-15.645
23 27 32 37;0.5326,0.710,-15.483
1 19 32 37;0.5369,0.709,-15.463
1 14 19 37;0.5369,0.709,-15.463
1 9 19 37;0.5745,0.700,-15.394
1 14 32 37;0.4906,0.720,-15.368
1 9 27 37;0.5528,0.705,-15.092
1 19 37;0.5919,0.694,-14.700
19 23 27 37;0.5876,0.695,-14.536
1 9 32 37;0.5355,0.707,-14.522
1 27 37;0.5673,0.699,-13.870
19 23 32 37;0.5543,0.701,-13.761
1 32 37;0.5499,0.702,-13.749
23 32 37;0.5687,0.696,-12.562
1 14 37;0.5441,0.700,-12.313
23 27 37;0.6006,0.687,-11.967
9 14 19 27 32 37;0.4689,0.714,-11.811
1 9 37;0.5876,0.689,-11.563
9 19 27 32 37;0.5195,0.703,-11.368
1 37;0.6049,0.684,-10.948
14 19 27 32 37;0.4790,0.709,-10.917
9 14 27 32 37;0.4761,0.709,-10.836
9 27 32 37;0.5326,0.698,-10.719
26 27 38;0.0188,0.867,-10.159
14 27 32 37;0.4863,0.704,-9.989
19 23 37;0.6237,0.678,-9.946
19 27 32 37;0.5311,0.696,-9.945
9 19 27 37;0.5832,0.687,-9.854
26 38;0.0203,0.824,-9.764
27 32 37;0.5441,0.692,-9.349
9 14 23 30 38;0.0232,0.762,-9.324
9 14 30 38;0.0246,0.739,-9.207
14 19 32 37;0.5109,0.698,-9.197
14 19 27 37;0.5441,0.690,-8.446
9 19 32 37;0.5528,0.688,-8.373
9 23 30 38;0.0246,0.708,-8.345
14 32 37;0.5195,0.693,-8.199
19 27 37;0.6006,0.679,-8.050
9 14 27 37;0.5355,0.689,-7.691
23 30 38;0.0260,0.667,-7.596
9 30 38;0.0260,0.667,-7.596
14 30 38;0.0246,0.680,-7.575
19 32 37;0.5687,0.683,-7.549
9 27 37;0.5962,0.679,-7.484
9 32 37;0.5673,0.683,-7.262
23 33 38;0.0318,0.611,-7.243
23 37;0.6382,0.669,-7.074
30 38;0.0275,0.633,-7.001
33 38;0.0318,0.595,-6.711
32 37;0.5832,0.678,-6.496
14 22 27 38;0.0087,1.000,-6.437
14 27 37;0.5514,0.683,-6.426
2 19 38;0.0232,0.640,-6.192
22 38;0.0159,0.733,-6.116
9 14 19 37;0.5586,0.681,-6.090
4 38;0.0275,0.594,-5.891
27 37;0.6136,0.672,-5.782
14 19 37;0.5789,0.677,-5.671
2 38;0.0232,0.615,-5.604
6 27 38;0.0304,0.553,-5.204
6 38;0.0318,0.537,-4.932
9 19 37;0.6194,0.669,-4.757
34 38;0.0058,1.000,-4.280
9 14 37;0.5673,0.674,-4.182
19 37;0.6411,0.663,-3.783
14 37;0.5876,0.670,-3.739
14 25 32 38;0.0043,1.000,-3.206
17 19 38;0.0232,0.500,-3.071
17 38;0.0260,0.486,-3.045
1 5 23 27 37;0.5007,0.812,-63.879
5 23 27 37;0.5369,0.793,-63.027
5 23 37;0.5673,0.773,-60.308
1 5 9 19 27 37;0.4949,0.809,-59.965
1 5 9 27 37;0.4978,0.806,-59.085
1 5 19 27 37;0.5065,0.801,-58.762
1 5 27 37;0.5094,0.798,-57.952
1 5 9 19 37;0.5239,0.790,-57.405
1 5 9 37;0.5268,0.788,-56.697
1 5 19 37;0.5369,0.783,-56.480
5 27 37;0.5470,0.778,-56.458
1 5 37;0.5398,0.780,-55.850
5 37;0.5803,0.759,-55.322
8 38;0.1288,0.754,-52.543
1 19 23 27 37;0.5470,0.724,-24.543
1 9 14 19 27 37;0.5022,0.732,-22.060
1 14 19 27 37;0.5152,0.727,-21.235
1 23 27 32 37;0.5022,0.729,-20.754
1 9 19 27 37;0.5456,0.717,-20.605
1 14 19 23 32 37;0.4834,0.732,-20.096
1 14 19 23 37;0.5369,0.718,-19.881
1 23 27 37;0.5572,0.712,-19.689
1 19 23 37;0.5789,0.704,-19.028
1 19 27 37;0.5601,0.709,-18.659
1 9 14 27 32 37;0.4559,0.734,-18.098
1 14 19 37;0.5456,0.711,-18.028
1 14 27 32 37;0.4660,0.730,-17.562
1 9 14 27 37;0.5080,0.719,-17.371
1 14 23 32 37;0.4891,0.724,-17.326
9 14 19 23 27 32 37;0.4674,0.729,-17.322
19 23 27 37;0.5847,0.699,-17.056
1 14 27 37;0.5210,0.714,-16.636
1 9 27 32 37;0.5036,0.718,-16.274
1 9 27 37;0.5572,0.704,-15.901
1 23 32 37;0.5355,0.709,-15.787
1 9 19 37;0.5789,0.698,-15.764
1 14 23 37;0.5427,0.706,-15.403
9 23 27 32 37;0.5181,0.712,-15.324
9 14 19 27 32 37;0.4718,0.721,-14.954
9 14 19 27 37;0.5311,0.707,-14.663
1 27 32 37;0.5152,0.711,-14.617
1 19 37;0.5962,0.691,-14.579
1 14 32 37;0.4964,0.715,-14.554
14 23 27 32 37;0.4819,0.718,-14.513
23 27 32 37;0.5282,0.707,-14.494
1 27 37;0.5716,0.697,-14.155
1 23 37;0.5904,0.692,-13.899
1 14 37;0.5528,0.700,-13.547
14 19 23 32 37;0.5080,0.709,-13.469
14 19 27 32 37;0.4819,0.715,-13.466
23 27 37;0.5962,0.689,-13.319
14 19 27 37;0.5470,0.700,-13.163
9 19 27 37;0.5818,0.692,-13.018
9 14 27 32 37;0.4790,0.713,-12.860
9 19 23 32 37;0.5369,0.700,-12.301
19 23 32 37;0.5514,0.697,-12.098
1 9 32 37;0.5369,0.699,-11.788
14 19 23 37;0.5731,0.691,-11.718
14 23 32 37;0.5152,0.702,-11.510
14 27 32 37;0.4891,0.707,-11.490
9 14 27 37;0.5384,0.697,-11.110
9 27 32 37;0.5311,0.698,-11.001
1 9 37;0.5919,0.685,-10.806
9 14 19 32 37;0.4993,0.703,-10.663
19 27 37;0.5991,0.683,-10.650
19 23 37;0.6208,0.678,-10.586
1 32 37;0.5514,0.693,-10.563
14 19 32 37;0.5137,0.699,-10.265
9 23 32 37;0.5499,0.692,-10.239
23 32 37;0.5644,0.689,-10.077
9 14 23 30 38;0.0260,0.750,-9.969
9 14 30 38;0.0275,0.731,-9.869
9 23 30 38;0.0289,0.714,-9.806
14 27 37;0.5543,0.690,-9.744
1 37;0.6093,0.679,-9.700
9 27 37;0.5948,0.682,-9.416
19 26 27 38;0.0174,0.857,-9.151
23 30 38;0.0304,0.677,-9.012
9 30 38;0.0304,0.677,-9.012
9 14 19 37;0.5615,0.687,-8.942
19 26 38;0.0188,0.812,-8.802
9 14 32 37;0.5080,0.695,-8.739
27 32 37;0.5427,0.689,-8.725
14 19 37;0.5818,0.683,-8.699
14 32 37;0.5224,0.692,-8.375
30 38;0.0318,0.647,-8.363
14 23 37;0.5803,0.682,-8.362
9 19 32 37;0.5514,0.686,-8.219
26 27 38;0.0174,0.800,-7.910
26 38;0.0188,0.765,-7.724
14 22 23 27 38;0.0101,1.000,-7.490
27 37;0.6122,0.674,-7.216
22 23 38;0.0174,0.750,-6.890
9 23 33 38;0.0260,0.643,-6.879
2 14 19 38;0.0203,0.700,-6.776
2 19 38;0.0217,0.682,-6.772
19 32 37;0.5673,0.679,-6.564
23 37;0.6339,0.668,-6.547
23 33 38;0.0275,0.613,-6.364
9 32 37;0.5658,0.679,-6.298
9 33 38;0.0260,0.621,-6.281
9 19 37;0.6179,0.670,-6.166
2 38;0.0217,0.652,-6.086
22 38;0.0174,0.706,-6.033
9 14 37;0.5702,0.677,-5.872
33 38;0.0275,0.594,-5.835
4 38;0.0246,0.607,-5.643
14 37;0.5904,0.673,-5.542
17 19 38;0.0275,0.576,-5.349
14 25 32 38;0.0072,1.000,-5.336
17 38;0.0304,0.553,-5.147
19 37;0.6397,0.664,-4.927
32 37;0.5818,0.672,-4.773
6 27 38;0.0260,0.545,-4.365
5 14 25 38;0.0058,1.000,-4.263
14 25 27 38;0.0058,1.000,-4.263
6 38;0.0275,0.528,-4.111
14 25 38;0.0072,0.833,-3.879
1 25 27 38;0.0087,0.750,-3.766
1 11 38;0.0043,1.000,-3.193
25 32 38;0.0101,0.636,-3.084
25 27 38;0.0087,0.667,-3.005
1 5 23 27 37;0.4891,0.812,-71.998
5 23 27 37;0.5282,0.787,-69.354
1 5 23 37;0.5137,0.792,-67.888
1 5 9 19 27 37;0.4834,0.809,-67.781
5 23 37;0.5557,0.768,-67.299
1 5 9 27 37;0.4863,0.806,-66.944
1 5 19 27 37;0.4935,0.800,-66.095
1 5 9 19 37;0.5094,0.791,-65.509
1 5 27 37;0.4964,0.798,-65.335
1 5 9 37;0.5123,0.788,-64.851
1 5 19 37;0.5210,0.783,-64.104
5 9 27 37;0.5268,0.779,-64.065
1 5 37;0.5239,0.780,-63.530
5 27 37;0.5369,0.771,-62.293
5 9 37;0.5543,0.761,-62.034
5 37;0.5673,0.754,-61.898
8 38;0.1389,0.768,-55.398
1 9 19 23 27 32 37;0.4718,0.728,-24.087
1 19 23 27 32 37;0.4805,0.725,-24.048
1 9 19 23 27 37;0.5195,0.709,-22.498
1 14 23 27 32 37;0.4501,0.730,-22.404
1 19 23 27 37;0.5311,0.706,-22.401
1 23 27 32 37;0.4891,0.718,-22.095
1 14 19 23 32 37;0.4703,0.721,-21.090
1 9 14 19 27 32 37;0.4385,0.728,-20.546
1 14 19 27 32 37;0.4486,0.724,-20.140
1 19 23 32 37;0.5094,0.707,-19.967
1 14 23 32 37;0.4776,0.714,-19.421
1 9 19 27 32 37;0.4805,0.712,-19.014
1 9 14 19 27 37;0.4863,0.710,-18.808
1 9 14 27 32 37;0.4457,0.721,-18.801
9 19 23 27 32 37;0.5022,0.705,-18.477
1 14 27 32 37;0.4559,0.718,-18.444
1 9 23 27 37;0.5282,0.698,-18.301
1 14 23 27 37;0.4993,0.706,-18.260
1 14 19 27 37;0.4993,0.706,-18.260
1 23 27 37;0.5398,0.695,-18.236
1 9 19 27 37;0.5297,0.697,-18.136
1 14 19 23 37;0.5195,0.700,-18.113
1 23 32 37;0.5195,0.698,-17.523
1 14 19 32 37;0.4747,0.710,-17.494
1 19 23 37;0.5601,0.687,-17.462
19 23 27 32 37;0.5109,0.700,-17.395
9 23 27 32 37;0.5123,0.700,-17.220
9 19 23 27 37;0.5630,0.686,-17.203
1 9 27 32 37;0.4906,0.705,-17.077
1 19 27 32 37;0.4906,0.705,-17.077
23 27 32 37;0.5210,0.695,-16.203
1 19 27 37;0.5427,0.689,-16.138
1 14 32 37;0.4834,0.703,-15.794
19 23 27 37;0.5745,0.680,-15.622
1 9 14 27 37;0.4935,0.700,-15.606
1 14 19 37;0.5268,0.692,-15.553
1 9 19 32 37;0.5094,0.696,-15.321
1 27 32 37;0.5007,0.698,-15.266
1 14 27 37;0.5065,0.696,-15.118
1 14 23 37;0.5268,0.691,-14.998
9 14 19 27 32 37;0.4660,0.703,-14.331
14 19 23 32 37;0.5007,0.695,-14.206
1 9 27 37;0.5398,0.686,-14.172
9 19 23 32 37;0.5297,0.688,-14.142
9 23 27 37;0.5731,0.677,-13.922
1 9 19 37;0.5601,0.680,-13.885
19 23 32 37;0.5427,0.684,-13.879
1 19 32 37;0.5224,0.689,-13.854
9 19 27 32 37;0.5123,0.690,-13.406
9 14 27 32 37;0.4747,0.698,-13.254
14 23 32 37;0.5094,0.690,-13.217
14 19 27 32 37;0.4761,0.697,-13.080
9 14 19 27 37;0.5253,0.686,-13.023
1 23 37;0.5702,0.676,-13.002
1 9 32 37;0.5210,0.687,-12.972
9 19 27 37;0.5745,0.674,-12.646
1 19 37;0.5760,0.673,-12.531
1 14 37;0.5355,0.683,-12.489
23 27 37;0.5847,0.671,-12.457
9 23 32 37;0.5412,0.681,-12.426
1 27 37;0.5528,0.679,-12.358
23 32 37;0.5543,0.678,-12.223
9 27 32 37;0.5239,0.684,-12.162
14 27 32 37;0.4848,0.692,-12.068
1 32 37;0.5340,0.681,-11.625
14 19 23 37;0.5630,0.673,-10.914
19 27 32 37;0.5224,0.681,-10.858
9 19 23 37;0.5919,0.666,-10.797
14 19 27 37;0.5384,0.678,-10.709
9 14 27 37;0.5340,0.678,-10.652
19 23 37;0.6078,0.661,-10.528
9 14 19 32 37;0.4906,0.686,-10.513
23 33 38;0.0347,0.706,-10.391
14 19 32 37;0.5051,0.683,-10.337
27 32 37;0.5340,0.676,-9.719
1 9 37;0.5716,0.668,-9.659
33 38;0.0347,0.686,-9.630
19 26 27 38;0.0188,0.867,-9.551
9 27 37;0.5861,0.665,-9.544
9 14 32 37;0.5007,0.681,-9.466
9 19 32 37;0.5427,0.673,-9.358
14 32 37;0.5152,0.678,-9.319
19 26 38;0.0203,0.824,-9.129
19 27 37;0.5876,0.663,-8.908
14 23 37;0.5716,0.666,-8.671
14 27 37;0.5470,0.670,-8.511
9 14 19 37;0.5528,0.669,-8.439
1 37;0.5876,0.662,-8.391
26 27 38;0.0188,0.812,-8.268
26 38;0.0203,0.778,-8.017
9 32 37;0.5557,0.667,-7.744
9 14 23 30 38;0.0232,0.727,-7.728
9 14 30 38;0.0246,0.708,-7.651
19 32 37;0.5572,0.666,-7.619
9 23 30 38;0.0260,0.692,-7.604
22 23 38;0.0174,0.800,-7.422
14 19 37;0.5702,0.663,-7.396
9 23 37;0.6035,0.657,-7.269
23 37;0.6194,0.652,-7.009
9 19 37;0.6078,0.655,-6.997
23 30 38;0.0275,0.655,-6.909
9 30 38;0.0275,0.655,-6.909
22 38;0.0174,0.750,-6.424
30 38;0.0289,0.625,-6.347
9 14 37;0.5630,0.662,-6.291
32 37;0.5702,0.660,-6.107
27 37;0.5991,0.655,-6.049
6 27 38;0.0318,0.595,-5.953
4 38;0.0275,0.613,-5.746
2 19 38;0.0232,0.640,-5.597
6 38;0.0333,0.575,-5.570
14 37;0.5803,0.656,-5.297
14 25 32 38;0.0072,1.000,-5.109
2 38;0.0232,0.615,-5.033
17 38;0.0304,0.568,-4.955
19 37;0.6252,0.647,-4.380
5 14 25 38;0.0058,1.000,-4.082
14 25 27 38;0.0058,1.000,-4.082
14 25 38;0.0072,0.833,-3.671
9 37;0.6208,0.646,-3.556
1 25 27 38;0.0087,0.750,-3.532
11 38;0.0043,1.000,-3.058
1 5 23 27 37;0.4949,0.818,-67.825
5 23 37;0.5658,0.780,-67.785
1 5 9 19 27 37;0.4920,0.815,-65.203
1 5 9 27 37;0.4935,0.814,-64.739
1 5 9 19 37;0.5224,0.799,-64.443
1 5 9 37;0.5239,0.797,-64.071
1 5 19 37;0.5340,0.792,-63.859
1 5 37;0.5355,0.791,-63.525
5 37;0.5774,0.767,-62.862
8 38;0.1360,0.764,-57.074
1 9 19 23 27 32 37;0.4848,0.741,-25.176
1 19 23 27 32 37;0.4935,0.738,-25.005
1 9 23 27 32 37;0.4949,0.734,-23.376
1 23 27 32 37;0.5036,0.731,-23.261
1 19 23 32 37;0.5268,0.722,-22.292
1 9 19 23 27 37;0.5311,0.720,-21.650
1 19 23 27 37;0.5427,0.716,-21.342
1 9 19 27 32 37;0.4935,0.729,-20.982
1 23 32 37;0.5384,0.714,-19.967
1 9 27 32 37;0.5051,0.721,-19.150
1 14 19 27 32 37;0.4602,0.733,-19.086
1 9 23 27 37;0.5412,0.711,-18.934
1 19 27 32 37;0.5036,0.720,-18.757
1 23 27 37;0.5528,0.707,-18.695
1 9 14 19 32 37;0.4805,0.725,-18.150
9 19 23 27 32 37;0.5123,0.717,-18.070
1 19 23 37;0.5760,0.699,-17.905
1 9 19 27 37;0.5398,0.709,-17.878
1 9 19 32 37;0.5268,0.712,-17.818
1 14 19 32 37;0.4906,0.721,-17.751
1 14 27 32 37;0.4674,0.726,-17.298
1 27 32 37;0.5152,0.713,-17.059
9 23 27 32 37;0.5239,0.711,-17.022
19 23 27 32 37;0.5210,0.711,-16.834
1 19 32 37;0.5384,0.706,-16.261
1 9 14 32 37;0.4891,0.718,-16.240
1 14 32 37;0.4993,0.714,-15.888
23 27 32 37;0.5326,0.706,-15.852
1 19 27 37;0.5528,0.701,-15.617
1 9 32 37;0.5398,0.704,-15.492
9 19 23 32 37;0.5456,0.702,-15.340
1 9 27 37;0.5514,0.700,-15.207
19 23 32 37;0.5572,0.699,-15.094
1 23 37;0.5876,0.690,-14.789
1 9 14 19 37;0.5268,0.704,-14.357
1 9 19 37;0.5745,0.693,-14.302
9 19 23 27 37;0.5702,0.694,-14.186
1 32 37;0.5514,0.698,-14.061
9 19 27 32 37;0.5224,0.704,-13.835
1 14 19 37;0.5398,0.700,-13.805
9 23 32 37;0.5586,0.695,-13.772
23 32 37;0.5702,0.692,-13.603
19 23 27 37;0.5847,0.688,-13.244
1 14 27 37;0.5152,0.704,-13.186
1 27 37;0.5644,0.693,-13.110
1 19 37;0.5890,0.686,-12.813
9 27 32 37;0.5355,0.698,-12.731
9 23 27 37;0.5818,0.687,-12.370
1 9 14 37;0.5355,0.697,-12.212
1 14 37;0.5485,0.693,-11.705
14 19 27 32 37;0.4848,0.705,-11.647
23 27 37;0.5962,0.682,-11.534
9 14 19 32 37;0.5065,0.700,-11.293
1 9 37;0.5876,0.684,-11.219
19 27 32 37;0.5326,0.694,-11.052
9 19 32 37;0.5572,0.689,-10.723
19 26 38;0.0174,0.923,-10.630
14 27 32 37;0.4935,0.700,-10.559
14 19 32 37;0.5181,0.695,-10.372
9 19 27 37;0.5803,0.683,-10.314
9 14 32 37;0.5166,0.695,-10.080
27 32 37;0.5456,0.689,-10.046
1 37;0.6020,0.678,-9.853
19 23 37;0.6223,0.672,-9.454
14 32 37;0.5282,0.690,-9.215
9 32 37;0.5716,0.682,-9.174
26 38;0.0174,0.857,-9.057
9 14 23 30 38;0.0246,0.739,-9.023
33 38;0.0347,0.649,-8.955
9 14 30 38;0.0260,0.720,-8.942
9 23 30 38;0.0275,0.704,-8.894
19 32 37;0.5702,0.682,-8.839
9 27 37;0.5933,0.677,-8.504
2 14 19 38;0.0217,0.750,-8.321
2 19 38;0.0232,0.727,-8.224
9 30 38;0.0289,0.667,-8.150
23 37;0.6353,0.665,-7.491
23 30 38;0.0275,0.655,-7.448
2 14 38;0.0217,0.714,-7.443
14 30 38;0.0260,0.667,-7.417
2 38;0.0232,0.696,-7.410
32 37;0.5847,0.676,-7.389
19 27 37;0.5962,0.673,-7.229
6 27 38;0.0333,0.605,-7.126
30 38;0.0289,0.625,-6.887
6 38;0.0347,0.585,-6.714
9 14 19 37;0.5630,0.675,-6.065
14 27 37;0.5528,0.676,-5.869
27 37;0.6093,0.667,-5.551
14 25 32 38;0.0072,1.000,-5.294
22 23 38;0.0130,0.750,-5.278
9 19 37;0.6179,0.665,-5.261
14 19 37;0.5803,0.669,-4.841
9 14 37;0.5731,0.670,-4.749
4 38;0.0260,0.562,-4.683
22 38;0.0130,0.692,-4.460
5 14 25 38;0.0058,1.000,-4.230
14 25 27 38;0.0058,1.000,-4.230
14 25 38;0.0072,0.833,-3.840
1 25 27 38;0.0087,0.750,-3.722
14 37;0.5904,0.664,-3.591
1 11 38;0.0043,1.000,-3.168
19 37;0.6368,0.658,-3.135
25 32 38;0.0101,0.636,-3.040
9 37;0.6324,0.658,-3.022
1 5 23 27 37;0.5065,0.814,-64.618
5 23 27 37;0.5456,0.794,-64.194
5 23 37;0.5745,0.777,-63.023
1 5 9 19 27 37;0.4993,0.812,-61.126
1 5 19 27 37;0.5094,0.805,-60.287
1 5 9 27 37;0.5022,0.809,-60.220
1 5 27 37;0.5123,0.803,-59.443
1 5 9 19 37;0.5268,0.795,-58.798
5 37;0.5832,0.766,-58.506
8 38;0.1317,0.758,-55.508
1 14 19 23 27 32 37;0.4631,0.749,-23.229
1 19 23 27 32 37;0.5007,0.738,-22.905
1 14 19 23 32 37;0.4935,0.737,-21.522
1 23 27 32 37;0.5123,0.730,-20.909
1 19 23 27 37;0.5514,0.719,-20.779
1 14 19 27 32 37;0.4660,0.740,-20.049
1 14 23 32 37;0.5007,0.728,-19.010
1 19 23 32 37;0.5326,0.720,-18.989
1 14 19 23 37;0.5427,0.717,-18.762
1 14 19 32 37;0.4964,0.728,-18.495
1 9 19 27 32 37;0.4964,0.728,-18.495
1 14 19 27 37;0.5166,0.721,-17.702
1 14 27 32 37;0.4732,0.732,-17.556
1 19 27 32 37;0.5080,0.722,-17.248
1 9 19 27 37;0.5470,0.712,-16.901
9 19 23 27 32 37;0.5181,0.719,-16.885
1 19 23 37;0.5832,0.702,-16.652
1 23 27 37;0.5630,0.707,-16.611
1 23 32 37;0.5456,0.711,-16.494
1 9 27 32 37;0.5094,0.720,-16.440
1 14 19 37;0.5470,0.711,-16.295
19 23 27 32 37;0.5282,0.714,-15.984
1 14 32 37;0.5051,0.720,-15.948
1 19 27 37;0.5601,0.706,-15.762
9 23 27 32 37;0.5311,0.713,-15.572
1 27 32 37;0.5210,0.714,-15.303
9 19 23 27 37;0.5803,0.700,-15.087
23 27 32 37;0.5412,0.708,-14.745
14 19 23 32 37;0.5210,0.713,-14.743
1 14 23 37;0.5499,0.706,-14.730
19 23 27 37;0.5948,0.695,-14.728
1 9 19 32 37;0.5268,0.711,-14.485
1 14 27 37;0.5239,0.710,-13.792
9 14 19 27 32 37;0.4805,0.719,-13.643
1 19 32 37;0.5412,0.706,-13.627
9 19 23 32 37;0.5485,0.703,-13.233
19 23 32 37;0.5630,0.700,-13.069
14 23 32 37;0.5297,0.707,-13.009
1 9 27 37;0.5601,0.700,-12.871
14 19 27 32 37;0.4906,0.714,-12.697
9 19 27 32 37;0.5253,0.706,-12.540
1 9 19 37;0.5774,0.695,-12.461
1 14 37;0.5557,0.699,-12.319
1 23 37;0.5962,0.690,-12.109
1 9 32 37;0.5412,0.702,-12.027
9 14 27 32 37;0.4891,0.712,-11.907
1 27 37;0.5731,0.695,-11.852
1 19 37;0.5933,0.690,-11.828
9 23 27 37;0.5933,0.690,-11.828
14 19 23 37;0.5832,0.692,-11.798
14 19 32 37;0.5239,0.704,-11.714
9 14 19 27 37;0.5398,0.701,-11.696
23 27 37;0.6078,0.686,-11.547
9 23 32 37;0.5630,0.696,-11.439
23 32 37;0.5774,0.693,-11.349
1 32 37;0.5557,0.697,-11.267
9 27 32 37;0.5398,0.700,-11.192
9 19 27 37;0.5890,0.690,-11.155
14 27 32 37;0.4993,0.707,-11.033
19 27 32 37;0.5369,0.699,-10.565
14 19 27 37;0.5543,0.695,-10.428
19 23 37;0.6295,0.679,-10.408
14 32 37;0.5340,0.698,-9.964
27 32 37;0.5514,0.693,-9.320
9 19 32 37;0.5572,0.691,-9.124
19 27 37;0.6049,0.682,-8.934
9 14 19 37;0.5687,0.688,-8.765
9 14 27 37;0.5485,0.692,-8.731
14 23 37;0.5919,0.684,-8.700
14 19 37;0.5876,0.685,-8.657
9 30 38;0.0232,0.727,-8.452
1 9 37;0.5919,0.683,-8.196
9 27 37;0.6035,0.680,-8.015
19 32 37;0.5731,0.685,-7.824
9 23 33 38;0.0289,0.645,-7.750
30 38;0.0246,0.680,-7.633
1 37;0.6078,0.679,-7.579
14 27 37;0.5630,0.686,-7.575
14 22 23 27 38;0.0101,1.000,-7.550
9 32 37;0.5731,0.684,-7.373
19 26 27 38;0.0145,0.833,-7.359
23 33 38;0.0304,0.618,-7.221
9 33 38;0.0289,0.625,-7.138
19 26 38;0.0159,0.786,-7.117
22 23 38;0.0174,0.750,-6.978
23 37;0.6440,0.669,-6.940
33 38;0.0304,0.600,-6.674
26 27 38;0.0145,0.769,-6.252
32 37;0.5890,0.678,-6.164
26 38;0.0159,0.733,-6.156
22 38;0.0174,0.706,-6.117
27 37;0.6194,0.673,-5.940
9 14 37;0.5789,0.679,-5.920
9 19 37;0.6208,0.672,-5.803
4 27 38;0.0246,0.607,-5.747
14 37;0.5977,0.676,-5.729
2 14 19 38;0.0203,0.636,-5.493
4 38;0.0246,0.586,-5.231
2 14 38;0.0203,0.609,-4.918
2 19 38;0.0203,0.609,-4.918
19 37;0.6411,0.666,-4.521
2 38;0.0203,0.583,-4.405
6 14 23 27 38;0.0232,0.552,-4.202
6 27 38;0.0260,0.529,-4.074
17 19 38;0.0246,0.531,-3.939
1 25 38;0.0072,0.833,-3.918
17 38;0.0275,0.514,-3.855
6 38;0.0275,0.514,-3.855
16 19 23 38;0.0087,0.750,-3.810
16 19 38;0.0101,0.700,-3.801
14 25 38;0.0043,1.000,-3.219
16 38;0.0101,0.636,-3.130
34 38;0.0058,0.800,-3.004
12 38;0.0058,0.800,-3.004
1 5 23 27 37;0.4899,0.817,-68.276
5 23 27 37;0.5318,0.791,-66.084
1 5 9 19 27 37;0.4855,0.812,-63.781
1 5 19 27 37;0.4942,0.807,-63.434
1 5 9 27 37;0.4884,0.809,-62.889
1 5 27 37;0.4971,0.804,-62.593
1 5 23 37;0.5130,0.794,-61.646
5 23 37;0.5578,0.770,-61.199
5 27 37;0.5405,0.778,-59.877
1 5 9 19 37;0.5101,0.791,-59.099
1 5 19 37;0.5202,0.786,-58.810
1 5 9 37;0.5130,0.789,-58.384
1 5 37;0.5231,0.784,-58.153
5 37;0.5694,0.758,-56.497
8 38;0.1301,0.756,-51.731
1 14 19 23 27 32 37;0.4523,0.745,-24.545
1 19 23 27 32 37;0.4870,0.734,-24.398
1 23 27 32 37;0.4971,0.727,-22.717
1 19 23 27 37;0.5390,0.715,-22.540
1 9 14 19 27 32 37;0.4494,0.739,-21.752
1 14 19 23 32 37;0.4783,0.729,-21.234
1 14 19 27 32 37;0.4566,0.735,-21.106
1 9 14 19 27 37;0.4986,0.720,-19.925
1 23 27 37;0.5491,0.706,-19.915
1 9 19 27 32 37;0.4884,0.722,-19.618
1 19 23 32 37;0.5145,0.715,-19.457
1 9 14 27 32 37;0.4566,0.730,-19.248
1 14 19 27 37;0.5087,0.715,-19.051
1 14 23 32 37;0.4855,0.721,-18.848
1 14 19 23 37;0.5289,0.709,-18.707
1 14 27 32 37;0.4639,0.726,-18.665
1 9 19 27 37;0.5390,0.706,-18.632
1 19 27 32 37;0.4971,0.717,-18.314
1 14 19 32 37;0.4827,0.720,-18.098
1 9 27 32 37;0.5000,0.715,-17.895
1 19 23 37;0.5665,0.696,-17.284
1 23 32 37;0.5260,0.707,-17.273
1 19 27 37;0.5506,0.700,-17.214
9 14 19 23 27 32 37;0.4725,0.719,-16.741
1 27 32 37;0.5087,0.710,-16.679
1 14 19 37;0.5361,0.703,-16.570
1 9 14 27 37;0.5058,0.710,-16.503
9 19 23 27 32 37;0.5072,0.709,-16.306
14 19 23 27 32 37;0.4798,0.716,-16.237
1 9 27 37;0.5506,0.698,-16.008
1 14 27 37;0.5159,0.706,-15.713
19 23 27 32 37;0.5159,0.706,-15.713
1 14 32 37;0.4913,0.711,-15.701
1 14 23 37;0.5361,0.700,-15.411
9 23 27 32 37;0.5188,0.704,-15.338
1 9 19 32 37;0.5159,0.704,-15.157
9 19 23 27 37;0.5708,0.691,-14.978
19 23 27 37;0.5853,0.686,-14.798
23 27 32 37;0.5275,0.701,-14.796
1 27 37;0.5621,0.692,-14.709
9 14 19 27 32 37;0.4769,0.711,-14.485
1 23 37;0.5780,0.687,-14.254
1 19 32 37;0.5275,0.699,-14.248
1 9 19 37;0.5679,0.689,-14.094
1 14 37;0.5448,0.693,-13.276
1 19 37;0.5824,0.684,-13.242
9 23 27 37;0.5824,0.684,-13.242
23 27 37;0.5968,0.680,-13.189
14 19 23 32 37;0.5072,0.701,-13.076
9 14 19 27 37;0.5376,0.694,-13.040
1 9 32 37;0.5289,0.696,-13.008
14 19 27 32 37;0.4841,0.705,-13.003
9 14 27 32 37;0.4855,0.704,-12.816
1 32 37;0.5405,0.691,-12.185
9 19 27 32 37;0.5188,0.696,-12.171
14 23 32 37;0.5159,0.695,-11.529
14 27 32 37;0.4928,0.699,-11.428
9 19 27 37;0.5838,0.680,-11.380
19 23 32 37;0.5448,0.688,-11.194
9 27 32 37;0.5318,0.690,-11.159
1 9 37;0.5809,0.680,-11.100
14 19 27 37;0.5506,0.686,-11.068
9 23 30 38;0.0260,0.783,-10.671
9 14 27 37;0.5462,0.686,-10.543
1 37;0.5954,0.675,-10.339
19 27 32 37;0.5275,0.689,-10.213
14 19 23 37;0.5737,0.680,-10.207
9 14 19 32 37;0.5000,0.693,-10.118
9 14 30 38;0.0246,0.773,-9.825
23 32 37;0.5578,0.682,-9.813
14 19 32 37;0.5116,0.690,-9.705
9 27 37;0.5968,0.674,-9.657
23 30 38;0.0275,0.731,-9.555
9 30 38;0.0275,0.731,-9.555
19 26 27 38;0.0159,0.917,-9.507
27 32 37;0.5405,0.684,-9.273
19 27 37;0.5983,0.672,-8.985
19 26 38;0.0173,0.857,-8.933
23 33 38;0.0347,0.649,-8.751
14 27 37;0.5592,0.679,-8.719
30 38;0.0289,0.690,-8.693
9 14 32 37;0.5101,0.687,-8.573
14 32 37;0.5217,0.684,-8.195
19 23 37;0.6156,0.667,-8.183
33 38;0.0347,0.632,-8.135
26 27 38;0.0159,0.846,-8.010
2 19 38;0.0260,0.692,-7.979
14 23 37;0.5824,0.673,-7.884
9 14 19 37;0.5636,0.676,-7.837
26 38;0.0173,0.800,-7.700
9 19 32 37;0.5462,0.677,-7.384
27 37;0.6113,0.666,-7.377
2 38;0.0260,0.667,-7.262
14 19 37;0.5809,0.671,-7.089
14 22 23 27 38;0.0087,1.000,-6.295
23 37;0.6286,0.660,-6.175
19 32 37;0.5592,0.672,-6.151
9 32 37;0.5607,0.671,-6.018
14 22 23 38;0.0101,0.875,-5.634
9 14 37;0.5737,0.668,-5.627
6 27 38;0.0332,0.561,-5.523
14 25 32 38;0.0072,1.000,-5.239
6 38;0.0347,0.545,-5.228
22 23 38;0.0130,0.750,-5.192
4 38;0.0260,0.581,-5.001
17 19 38;0.0246,0.586,-4.904
14 37;0.5910,0.664,-4.892
32 37;0.5737,0.666,-4.859
14 22 27 38;0.0087,0.857,-4.702
9 19 37;0.6142,0.660,-4.615
14 22 38;0.0101,0.778,-4.489
22 38;0.0130,0.692,-4.379
5 14 25 38;0.0058,1.000,-4.186
14 25 27 38;0.0058,1.000,-4.186
17 38;0.0246,0.548,-4.030
14 25 38;0.0072,0.833,-3.789
1 25 27 38;0.0087,0.750,-3.665
1 11 38;0.0043,1.000,-3.135
1 18 38;0.0116,0.615,-3.065
19 37;0.6329,0.654,-3.051
